# 0.000000
-6.800000 0.241675
-6.777000 0.264675
-6.754000 0.265647
-6.731000 0.288417
-6.708000 0.311443
-6.685000 0.334683
-6.662000 0.358098
-6.639000 0.381648
-6.616000 0.405291
-6.593000 0.428988
-6.570000 0.452698
-6.547000 0.476381
-6.524000 0.499996
-6.501000 0.523504
-6.478000 0.546864
-6.455000 0.570035
-6.432000 0.592977
-6.409000 0.615650
-6.386000 0.638013
-6.363000 0.660027
-6.340000 0.681651
-6.317000 0.702844
-6.294000 0.723566
-6.271000 0.743777
-6.248000 0.763436
-6.225000 0.782503
-6.202000 0.800938
-6.179000 0.818701
-6.156000 0.835751
-6.133000 0.852047
-6.110000 0.867550
-6.087000 0.882218
-6.064000 0.890089
-6.041000 0.905592
-6.018000 0.922672
-5.995000 0.941738
-5.972000 0.963202
-5.949000 0.987461
-5.926000 1.014561
-5.903000 1.036909
-5.880000 1.052360
-5.857000 1.070553
-5.834000 1.086928
-5.811000 1.101141
-5.788000 1.113420
-5.765000 1.124022
-5.742000 1.133211
-5.719000 1.141246
-5.696000 1.148390
-5.673000 1.154904
-5.650000 1.161049
-5.627000 1.167087
-5.604000 1.175178
-5.581000 1.183579
-5.558000 1.193447
-5.535000 1.205103
-5.512000 1.218867
-5.489000 1.235058
-5.466000 1.253973
-5.443000 1.275775
-5.420000 1.298273
-5.397000 1.317837
-5.374000 1.336083
-5.351000 1.352547
-5.328000 1.367176
-5.305000 1.380127
-5.282000 1.391586
-5.259000 1.401742
-5.236000 1.410783
-5.213000 1.418898
-5.190000 1.426277
-5.167000 1.433109
-5.144000 1.439583
-5.121000 1.445887
-5.098000 1.452211
-5.075000 1.458743
-5.052000 1.463466
-5.029000 1.471036
-5.006000 1.479424
-4.983000 1.488779
-4.960000 1.499250
-4.937000 1.510987
-4.914000 1.524139
-4.891000 1.538855
-4.868000 1.555285
-4.845000 1.573577
-4.822000 1.593881
-4.799000 1.616351
-4.776000 1.641126
-4.753000 1.668154
-4.730000 1.695828
-4.707000 1.717077
-4.684000 1.727332
-4.661000 1.736682
-4.638000 1.748520
-4.615000 1.760926
-4.592000 1.772755
-4.569000 1.783644
-4.546000 1.793513
-4.523000 1.802371
-4.500000 1.810253


# 0.000001
-5.750000 0.269513
-5.727500 0.291362
-5.705000 0.313515
-5.682500 0.335934
-5.660000 0.358582
-5.637500 0.381420
-5.615000 0.404412
-5.592500 0.427519
-5.570000 0.450703
-5.547500 0.473927
-5.525000 0.497153
-5.502500 0.520344
-5.480000 0.543460
-5.457500 0.566466
-5.435000 0.589322
-5.412500 0.611991
-5.390000 0.634436
-5.367500 0.656618
-5.345000 0.678500
-5.322500 0.700044
-5.300000 0.721212
-5.277500 0.741967
-5.255000 0.762271
-5.232500 0.782085
-5.210000 0.801373
-5.187500 0.820096
-5.165000 0.838217
-5.142500 0.855697
-5.120000 0.872500
-5.097500 0.888587
-5.075000 0.903920
-5.052500 0.911860
-5.030000 0.925934
-5.007500 0.941118
-4.985000 0.957796
-4.962500 0.976345
-4.940000 0.997097
-4.917500 1.019993
-4.895000 1.042351
-4.872500 1.062751
-4.850000 1.082806
-4.827500 1.100950
-4.805000 1.116945
-4.782500 1.130970
-4.760000 1.143263
-4.737500 1.154066
-4.715000 1.163626
-4.692500 1.172186
-4.670000 1.179991
-4.647500 1.187286
-4.625000 1.194317
-4.602500 1.201302
-4.580000 1.208671
-4.557500 1.216804
-4.535000 1.226001
-4.512500 1.236565
-4.490000 1.248794
-4.467500 1.262981
-4.445000 1.279380
-4.422500 1.298064
-4.400000 1.318391
-4.377500 1.338619
-4.355000 1.358033
-4.332500 1.375957
-4.310000 1.392104
-4.287500 1.406540
-4.265000 1.419420
-4.242500 1.430917
-4.220000 1.441209
-4.197500 1.450472
-4.175000 1.458884
-4.152500 1.466621
-4.130000 1.473859
-4.107500 1.480777
-4.085000 1.487551
-4.062500 1.494658
-4.040000 1.501099
-4.017500 1.507909
-3.995000 1.515227
-3.972500 1.523195
-3.950000 1.531950
-3.927500 1.541634
-3.905000 1.552385
-3.882500 1.564343
-3.860000 1.577646
-3.837500 1.592434
-3.815000 1.608856
-3.792500 1.627122
-3.770000 1.647662
-3.747500 1.671056
-3.725000 1.695601
-3.702500 1.716835
-3.680000 1.734921
-3.657500 1.751554
-3.635000 1.767156
-3.612500 1.781732
-3.590000 1.795270
-3.567500 1.807787
-3.545000 1.819311
-3.522500 1.829880
-3.500000 1.839533


# 0.000010
-4.800000 0.241675
-4.782000 0.259675
-4.764000 0.257316
-4.746000 0.274120
-4.728000 0.291180
-4.710000 0.308477
-4.692000 0.325992
-4.674000 0.343706
-4.656000 0.361599
-4.638000 0.379652
-4.620000 0.397845
-4.602000 0.416160
-4.584000 0.434576
-4.566000 0.453075
-4.548000 0.471636
-4.530000 0.490242
-4.512000 0.508872
-4.494000 0.527508
-4.476000 0.546129
-4.458000 0.564716
-4.440000 0.583251
-4.422000 0.601713
-4.404000 0.620084
-4.386000 0.638344
-4.368000 0.656474
-4.350000 0.674454
-4.332000 0.692266
-4.314000 0.709889
-4.296000 0.727304
-4.278000 0.744493
-4.260000 0.761435
-4.242000 0.778112
-4.224000 0.794504
-4.206000 0.810591
-4.188000 0.826355
-4.170000 0.841776
-4.152000 0.856835
-4.134000 0.871512
-4.116000 0.885788
-4.098000 0.899644
-4.080000 0.913060
-4.062000 0.921454
-4.044000 0.932147
-4.026000 0.943022
-4.008000 0.954277
-3.990000 0.966104
-3.972000 0.978696
-3.954000 0.992222
-3.936000 1.006792
-3.918000 1.022333
-3.900000 1.038421
-3.882000 1.054894
-3.864000 1.072511
-3.846000 1.090269
-3.828000 1.106989
-3.810000 1.122353
-3.792000 1.136354
-3.774000 1.149076
-3.756000 1.160630
-3.738000 1.171139
-3.720000 1.180728
-3.702000 1.189520
-3.684000 1.197642
-3.666000 1.205219
-3.648000 1.212375
-3.630000 1.219237
-3.612000 1.225136
-3.594000 1.231175
-3.576000 1.237166
-3.558000 1.243262
-3.540000 1.249618
-3.522000 1.256387
-3.504000 1.263724
-3.486000 1.271783
-3.468000 1.280717
-3.450000 1.290676
-3.432000 1.301800
-3.414000 1.314205
-3.396000 1.327932
-3.378000 1.342844
-3.360000 1.358454
-3.342000 1.374144
-3.324000 1.389693
-3.306000 1.404711
-3.288000 1.418829
-3.270000 1.431907
-3.252000 1.443948
-3.234000 1.455010
-3.216000 1.465176
-3.198000 1.474532
-3.180000 1.483169
-3.162000 1.491177
-3.144000 1.498646
-3.126000 1.505667
-3.108000 1.512331
-3.090000 1.518728
-3.072000 1.524581
-3.054000 1.530272
-3.036000 1.535922
-3.018000 1.541603
-3.000000 1.547387


# 0.000100
-3.800000 0.241675
-3.779500 0.262175
-3.759000 0.261094
-3.738500 0.281696
-3.718000 0.302339
-3.697500 0.323018
-3.677000 0.343723
-3.656500 0.364449
-3.636000 0.385187
-3.615500 0.405930
-3.595000 0.426671
-3.574500 0.447402
-3.554000 0.468117
-3.533500 0.488807
-3.513000 0.509466
-3.492500 0.530086
-3.472000 0.550660
-3.451500 0.571180
-3.431000 0.591639
-3.410500 0.612031
-3.390000 0.632346
-3.369500 0.652579
-3.349000 0.672722
-3.328500 0.692767
-3.308000 0.712707
-3.287500 0.732535
-3.267000 0.752243
-3.246500 0.771824
-3.226000 0.791271
-3.205500 0.810577
-3.185000 0.829733
-3.164500 0.848734
-3.144000 0.867570
-3.123500 0.886236
-3.103000 0.904723
-3.082500 0.923025
-3.062000 0.935852
-3.041500 0.949614
-3.021000 0.962960
-3.000500 0.976106
-2.980000 0.989269
-2.959500 1.002663
-2.939000 1.016501
-2.918500 1.030980
-2.898000 1.046343
-2.877500 1.063918
-2.857000 1.083911
-2.836500 1.102770
-2.816000 1.120709
-2.795500 1.137942
-2.775000 1.154447
-2.754500 1.170178
-2.734000 1.185088
-2.713500 1.199130
-2.693000 1.212255
-2.672500 1.224417
-2.652000 1.235568
-2.631500 1.245662
-2.611000 1.254650
-2.590500 1.262486
-2.570000 1.266916
-2.549500 1.274481
-2.529000 1.282114
-2.508500 1.289965
-2.488000 1.298182
-2.467500 1.306913
-2.447000 1.316308
-2.426500 1.326514
-2.406000 1.337679
-2.385500 1.349944
-2.365000 1.363442
-2.344500 1.378362
-2.324000 1.395370
-2.303500 1.414309
-2.283000 1.431963
-2.262500 1.448166
-2.242000 1.463394
-2.221500 1.477729
-2.201000 1.491208
-2.180500 1.503873
-2.160000 1.515768
-2.139500 1.526941
-2.119000 1.537439
-2.098500 1.547310
-2.078000 1.556600
-2.057500 1.565357
-2.037000 1.573628
-2.016500 1.581460
-1.996000 1.588900
-1.975500 1.595997
-1.955000 1.600939
-1.934500 1.608740
-1.914000 1.616829
-1.893500 1.625316
-1.873000 1.634449
-1.852500 1.644562
-1.832000 1.655441
-1.811500 1.666493
-1.791000 1.677687
-1.770500 1.689215


# 0.001000
-2.800000 0.241675
-2.779500 0.262175
-2.759000 0.260674
-2.738500 0.281157
-2.718000 0.301702
-2.697500 0.322301
-2.677000 0.342948
-2.656500 0.363634
-2.636000 0.384353
-2.615500 0.405097
-2.595000 0.425858
-2.574500 0.446631
-2.554000 0.467406
-2.533500 0.488177
-2.513000 0.508936
-2.492500 0.529677
-2.472000 0.550391
-2.451500 0.571071
-2.431000 0.591711
-2.410500 0.612303
-2.390000 0.632838
-2.369500 0.653311
-2.349000 0.673714
-2.328500 0.694039
-2.308000 0.714279
-2.287500 0.734427
-2.267000 0.754475
-2.246500 0.774416
-2.226000 0.794243
-2.205500 0.813948
-2.185000 0.833524
-2.164500 0.852964
-2.144000 0.872260
-2.123500 0.891405
-2.103000 0.910392
-2.082500 0.929213
-2.062000 0.946615
-2.041500 0.961683
-2.021000 0.976193
-2.000500 0.990361
-1.980000 1.004404
-1.959500 1.018532
-1.939000 1.032938
-1.918500 1.047689
-1.898000 1.062286
-1.877500 1.075907
-1.857000 1.091734
-1.836500 1.109654
-1.816000 1.127662
-1.795500 1.145298
-1.775000 1.162459
-1.754500 1.179087
-1.734000 1.195136
-1.713500 1.210555
-1.693000 1.225299
-1.672500 1.239320
-1.652000 1.252571
-1.631500 1.265004
-1.611000 1.276573
-1.590500 1.287229
-1.570000 1.294971
-1.549500 1.303361
-1.529000 1.311477
-1.508500 1.319469
-1.488000 1.327486
-1.467500 1.335675
-1.447000 1.344186
-1.426500 1.353167
-1.406000 1.362766
-1.385500 1.373129
-1.365000 1.384389
-1.344500 1.396640
-1.324000 1.409894
-1.303500 1.424336
-1.283000 1.440951
-1.262500 1.458546
-1.242000 1.475423
-1.221500 1.491455
-1.201000 1.506692
-1.180500 1.521173
-1.160000 1.534942
-1.139500 1.548043
-1.119000 1.560524
-1.098500 1.572432
-1.078000 1.583813
-1.057500 1.594716
-1.037000 1.605187
-1.016500 1.615274
-0.996000 1.625024
-0.975500 1.634484
-0.955000 1.638014
-0.934500 1.646645
-0.914000 1.655441
-0.893500 1.664422
-0.873000 1.673609
-0.852500 1.683019
-0.832000 1.692674
-0.811500 1.702592
-0.791000 1.712793
-0.770500 1.723297


# 0.010000
-1.900000 0.141675
-1.876000 0.165675
-1.852000 0.189675
-1.828000 0.213675
-1.804000 0.237675
-1.780000 0.261675
-1.756000 0.263546
-1.732000 0.287339
-1.708000 0.311241
-1.684000 0.335240
-1.660000 0.359324
-1.636000 0.383482
-1.612000 0.407701
-1.588000 0.431971
-1.564000 0.456279
-1.540000 0.480613
-1.516000 0.504962
-1.492000 0.529313
-1.468000 0.553656
-1.444000 0.577978
-1.420000 0.602268
-1.396000 0.626514
-1.372000 0.650703
-1.348000 0.674825
-1.324000 0.698867
-1.300000 0.722818
-1.276000 0.746666
-1.252000 0.770399
-1.228000 0.794005
-1.204000 0.817473
-1.180000 0.840790
-1.156000 0.863946
-1.132000 0.886928
-1.108000 0.909724
-1.084000 0.932323
-1.060000 0.956872
-1.036000 0.976288
-1.012000 0.994825
-0.988000 1.012826
-0.964000 1.030627
-0.940000 1.048485
-0.916000 1.066180
-0.892000 1.081719
-0.868000 1.095922
-0.844000 1.114461
-0.820000 1.134788
-0.796000 1.155192
-0.772000 1.175311
-0.748000 1.195028
-0.724000 1.214258
-0.700000 1.232924
-0.676000 1.250952
-0.652000 1.268264
-0.628000 1.284784
-0.604000 1.300438
-0.580000 1.315149
-0.556000 1.328413
-0.532000 1.339711
-0.508000 1.350340
-0.484000 1.360540
-0.460000 1.370547
-0.436000 1.380602
-0.412000 1.390943
-0.388000 1.401806
-0.364000 1.413424
-0.340000 1.426001
-0.316000 1.439593
-0.292000 1.453726
-0.268000 1.468129
-0.244000 1.486151
-0.220000 1.506025
-0.196000 1.525318
-0.172000 1.543717
-0.148000 1.561249
-0.124000 1.577981
-0.100000 1.593987
-0.076000 1.609342
-0.052000 1.624121
-0.028000 1.638400
-0.004000 1.652256
0.020000 1.665764
0.044000 1.674321
0.068000 1.685741
0.092000 1.697153
0.116000 1.708587
0.140000 1.720074
0.164000 1.731646
0.188000 1.743335
0.212000 1.755172
0.236000 1.767187
0.260000 1.779414
0.284000 1.791882
0.308000 1.804623
0.332000 1.817515
0.356000 1.827646
0.380000 1.841416
0.404000 1.856739
0.428000 1.872868
0.452000 1.889877
0.476000 1.907845


# 0.100000
-0.900000 0.141675
-0.876000 0.165675
-0.852000 0.189675
-0.828000 0.213675
-0.804000 0.237675
-0.780000 0.261675
-0.756000 0.263930
-0.732000 0.287448
-0.708000 0.311101
-0.684000 0.334879
-0.660000 0.358770
-0.636000 0.382762
-0.612000 0.406842
-0.588000 0.431000
-0.564000 0.455224
-0.540000 0.479501
-0.516000 0.503821
-0.492000 0.528170
-0.468000 0.552538
-0.444000 0.576913
-0.420000 0.601282
-0.396000 0.625635
-0.372000 0.649959
-0.348000 0.674243
-0.324000 0.698474
-0.300000 0.722641
-0.276000 0.746733
-0.252000 0.770737
-0.228000 0.794641
-0.204000 0.818435
-0.180000 0.842106
-0.156000 0.865642
-0.132000 0.889032
-0.108000 0.912263
-0.084000 0.935325
-0.060000 0.961538
-0.036000 0.983275
-0.012000 1.003939
0.012000 1.023872
0.036000 1.043399
0.060000 1.062729
0.084000 1.081489
0.108000 1.098075
0.132000 1.113541
0.156000 1.131106
0.180000 1.150055
0.204000 1.169435
0.228000 1.188897
0.252000 1.208297
0.276000 1.227545
0.300000 1.246560
0.324000 1.265266
0.348000 1.283585
0.372000 1.301442
0.396000 1.318762
0.420000 1.335468
0.444000 1.353165
0.468000 1.367274
0.492000 1.380246
0.516000 1.392320
0.540000 1.403734
0.564000 1.414726
0.588000 1.425536
0.612000 1.436401
0.636000 1.447559
0.660000 1.459239
0.684000 1.471631
0.708000 1.484720
0.732000 1.497606
0.756000 1.508354
0.780000 1.521905
0.804000 1.540653
0.828000 1.560115
0.852000 1.579005
0.876000 1.597204
0.900000 1.614756
0.924000 1.631733
0.948000 1.648209
0.972000 1.664261
0.996000 1.679963
1.020000 1.695391
1.044000 1.709345
1.068000 1.722875
1.092000 1.736155
1.116000 1.749218
1.140000 1.762095
1.164000 1.774818
1.188000 1.787417
1.212000 1.799925
1.236000 1.812372
1.260000 1.824791
1.284000 1.837212
1.308000 1.849664
1.332000 1.859447
1.356000 1.870813
1.380000 1.883949
1.404000 1.897455
1.428000 1.911410
1.452000 1.925894
1.476000 1.940987


# 1.000000
0.100000 0.141675
0.119000 0.160675
0.138000 0.179675
0.157000 0.198675
0.176000 0.217675
0.195000 0.236675
0.214000 0.255675
0.233000 0.253779
0.252000 0.272729
0.271000 0.291693
0.290000 0.310668
0.309000 0.329654
0.328000 0.348651
0.347000 0.367656
0.366000 0.386670
0.385000 0.405691
0.404000 0.424719
0.423000 0.443752
0.442000 0.462789
0.461000 0.481830
0.480000 0.500873
0.499000 0.519917
0.518000 0.538962
0.537000 0.558006
0.556000 0.577049
0.575000 0.596090
0.594000 0.615127
0.613000 0.634160
0.632000 0.653188
0.651000 0.672209
0.670000 0.691223
0.689000 0.710229
0.708000 0.729225
0.727000 0.748212
0.746000 0.767187
0.765000 0.786150
0.784000 0.805100
0.803000 0.824037
0.822000 0.842958
0.841000 0.861863
0.860000 0.880751
0.879000 0.899621
0.898000 0.918473
0.917000 0.937305
0.936000 0.956115
0.955000 0.974904
0.974000 0.993671
0.993000 1.011871
1.012000 1.029610
1.031000 1.046999
1.050000 1.063989
1.069000 1.080541
1.088000 1.096674
1.107000 1.112583
1.126000 1.127622
1.145000 1.142413
1.164000 1.157224
1.183000 1.172058
1.202000 1.186905
1.221000 1.201755
1.240000 1.216597
1.259000 1.231422
1.278000 1.246219
1.297000 1.260978
1.316000 1.275689
1.335000 1.290342
1.354000 1.304925
1.373000 1.319431
1.392000 1.333847
1.411000 1.348164
1.430000 1.363439
1.449000 1.376362
1.468000 1.388930
1.487000 1.401155
1.506000 1.413050
1.525000 1.424627
1.544000 1.435900
1.563000 1.446879
1.582000 1.457579
1.601000 1.468011
1.620000 1.478189
1.639000 1.488125
1.658000 1.497831
1.677000 1.507320
1.696000 1.516603
1.715000 1.525685
1.734000 1.534570
1.753000 1.543354
1.772000 1.552625
1.791000 1.563354
1.810000 1.575176
1.829000 1.587309
1.848000 1.599639
1.867000 1.612221
1.886000 1.625073
1.905000 1.638174
1.924000 1.651485
1.943000 1.664965
1.962000 1.678568
1.981000 1.692249
2.000000 1.705960


# 10.000000
1.100000 0.141675
1.119000 0.160675
1.138000 0.179675
1.157000 0.198675
1.176000 0.217675
1.195000 0.236675
1.214000 0.255675
1.233000 0.253786
1.252000 0.272702
1.271000 0.291634
1.290000 0.310582
1.309000 0.329544
1.328000 0.348519
1.347000 0.367507
1.366000 0.386507
1.385000 0.405517
1.404000 0.424537
1.423000 0.443565
1.442000 0.462601
1.461000 0.481644
1.480000 0.500693
1.499000 0.519746
1.518000 0.538803
1.537000 0.557863
1.556000 0.576925
1.575000 0.595987
1.594000 0.615050
1.613000 0.634111
1.632000 0.653170
1.651000 0.672227
1.670000 0.691279
1.689000 0.710327
1.708000 0.729369
1.727000 0.748403
1.746000 0.767430
1.765000 0.786449
1.784000 0.805457
1.803000 0.824455
1.822000 0.843441
1.841000 0.862414
1.860000 0.881374
1.879000 0.900319
1.898000 0.919248
1.917000 0.938161
1.936000 0.957057
1.955000 0.975934
1.974000 0.994791
1.993000 1.013977
2.012000 1.032405
2.031000 1.050577
2.050000 1.068451
2.069000 1.086023
2.088000 1.103646
2.107000 1.122369
2.126000 1.139548
2.145000 1.155465
2.164000 1.171238
2.183000 1.186980
2.202000 1.202693
2.221000 1.218366
2.240000 1.233990
2.259000 1.249554
2.278000 1.265049
2.297000 1.280463
2.316000 1.295787
2.335000 1.311010
2.354000 1.326123
2.373000 1.341115
2.392000 1.355976
2.411000 1.370696
2.430000 1.386076
2.449000 1.400286
2.468000 1.414136
2.487000 1.427637
2.506000 1.440803
2.525000 1.453645
2.544000 1.466177
2.563000 1.478411
2.582000 1.490360
2.601000 1.502036
2.620000 1.513452
2.639000 1.524620
2.658000 1.535554
2.677000 1.546265
2.696000 1.556766
2.715000 1.567070
2.734000 1.577189
2.753000 1.587136
2.772000 1.596924
2.791000 1.606564
2.810000 1.616071
2.829000 1.625455
2.848000 1.634731
2.867000 1.643910
2.886000 1.653005
2.905000 1.662028
2.924000 1.670993
2.943000 1.679912
2.962000 1.688797
2.981000 1.697660


# 100.000000
2.100000 0.141675
2.119000 0.160675
2.138000 0.179675
2.157000 0.198675
2.176000 0.217675
2.195000 0.236675
2.214000 0.255675
2.233000 0.253953
2.252000 0.272819
2.271000 0.291705
2.290000 0.310610
2.309000 0.329532
2.328000 0.348471
2.347000 0.367426
2.366000 0.386396
2.385000 0.405380
2.404000 0.424376
2.423000 0.443385
2.442000 0.462404
2.461000 0.481433
2.480000 0.500472
2.499000 0.519518
2.518000 0.538572
2.537000 0.557632
2.556000 0.576697
2.575000 0.595766
2.594000 0.614838
2.613000 0.633912
2.632000 0.652988
2.651000 0.672064
2.670000 0.691140
2.689000 0.710214
2.708000 0.729285
2.727000 0.748352
2.746000 0.767416
2.765000 0.786473
2.784000 0.805524
2.803000 0.824568
2.822000 0.843603
2.841000 0.862629
2.860000 0.881645
2.879000 0.900649
2.898000 0.919642
2.917000 0.938620
2.936000 0.957585
2.955000 0.976534
2.974000 0.995468
2.993000 1.014650
3.012000 1.033534
3.031000 1.052262
3.050000 1.070810
3.069000 1.089250
3.088000 1.108022
3.107000 1.127423
3.126000 1.145827
3.145000 1.163257
3.164000 1.180411
3.183000 1.197465
3.202000 1.214440
3.221000 1.231333
3.240000 1.248134
3.259000 1.264833
3.278000 1.281420
3.297000 1.297885
3.316000 1.314217
3.335000 1.330407
3.354000 1.346445
3.373000 1.362319
3.392000 1.378020
3.411000 1.393538
3.430000 1.408735
3.449000 1.424308
3.468000 1.439515
3.487000 1.454369
3.506000 1.468881
3.525000 1.483065
3.544000 1.496932
3.563000 1.510497
3.582000 1.523771
3.601000 1.536766
3.620000 1.549496
3.639000 1.561974
3.658000 1.574210
3.677000 1.586219
3.696000 1.598013
3.715000 1.609604
3.734000 1.621004
3.753000 1.632228
3.772000 1.643286
3.791000 1.654192
3.810000 1.664959
3.829000 1.675598
3.848000 1.686123
3.867000 1.696545
3.886000 1.706879
3.905000 1.717135
3.924000 1.727327
3.943000 1.737468
3.962000 1.747570
3.981000 1.757645


# 1000.000000
3.200000 0.241675
3.218000 0.259675
3.236000 0.257375
3.254000 0.275190
3.272000 0.293025
3.290000 0.310880
3.308000 0.328754
3.326000 0.346645
3.344000 0.364554
3.362000 0.382480
3.380000 0.400420
3.398000 0.418376
3.416000 0.436346
3.434000 0.454329
3.452000 0.472324
3.470000 0.490330
3.488000 0.508347
3.506000 0.526374
3.524000 0.544410
3.542000 0.562454
3.560000 0.580506
3.578000 0.598564
3.596000 0.616628
3.614000 0.634696
3.632000 0.652769
3.650000 0.670845
3.668000 0.688923
3.686000 0.707003
3.704000 0.725084
3.722000 0.743165
3.740000 0.761245
3.758000 0.779323
3.776000 0.797398
3.794000 0.815471
3.812000 0.833539
3.830000 0.851602
3.848000 0.869659
3.866000 0.887710
3.884000 0.905753
3.902000 0.923788
3.920000 0.941814
3.938000 0.959829
3.956000 0.977835
3.974000 0.995828
3.992000 1.013894
4.010000 1.031983
4.028000 1.049991
4.046000 1.067840
4.064000 1.085417
4.082000 1.102648
4.100000 1.119753
4.118000 1.137165
4.136000 1.154921
4.154000 1.172783
4.172000 1.190604
4.190000 1.208331
4.208000 1.225950
4.226000 1.243451
4.244000 1.260828
4.262000 1.278073
4.280000 1.295177
4.298000 1.312133
4.316000 1.328932
4.334000 1.345565
4.352000 1.362024
4.370000 1.378299
4.388000 1.394383
4.406000 1.410266
4.424000 1.425941
4.442000 1.442615
4.460000 1.458518
4.478000 1.474093
4.496000 1.489352
4.514000 1.504305
4.532000 1.518963
4.550000 1.533337
4.568000 1.547438
4.586000 1.561275
4.604000 1.574861
4.622000 1.588205
4.640000 1.601318
4.658000 1.614211
4.676000 1.626895
4.694000 1.639381
4.712000 1.651678
4.730000 1.663798
4.748000 1.675752
4.766000 1.687549
4.784000 1.699202
4.802000 1.710720
4.820000 1.722115
4.838000 1.733396
4.856000 1.744575
4.874000 1.755663
4.892000 1.766669
4.910000 1.777605
4.928000 1.788482
4.946000 1.799310
4.964000 1.810100
4.982000 1.820862
5.000000 1.831608


